[DOKUMEN RAHASIA - ENKODING TIGA TAHAP]
Petunjuk:
Teks flag telah disamarkan melewati 3 tahapan enkodir:
1. Base64 Encoding
2. Representasi Heksadesimal
3. Konversi Biner 8-bit

Lakukan proses sebaliknya secara berurutan:
Biner (8-bit) ➔ Teks Heksadesimal ➔ Dekode Base64 ➔ Plaintext Flag!

--- PAYLOAD BINER ---
00110101 00110001 00110011 00110001 00110101 00110010 00110100 00110111 00110110 00110101 00110011 00110011 00110101 00110010 00110111 00110000 00110101 01100001 00110011 00110010 00110100 00110110 00110110 00110110 00110110 00110010 00110100 00110111 00110100 00110110 00110111 00110111 00110110 00110001 00110101 00111000 00110100 01100101 00110110 00110110 00110101 01100001 00110101 00110111 00110011 00110101 00110110 01100001 00110110 00110010 00110011 00110010 00110101 00110010 00110111 00110000 00110110 00110010 00110110 01100100 00110110 00110100 00110110 00110110 00110101 00111001 00110110 01100100 00110110 01100011 00110111 00110101 00110101 01100001 00110101 00111000 00110100 01100001 00110110 00110110 00110110 00110001 00110100 00110111 00110101 00110110 00110011 00110100 00110101 00111000 00110011 00110010 00110100 01100001 00110110 00111000 00110110 00110011 00110011 00110010 00110101 00110101 00110011 00110010 00110100 01100101 00110100 00111000 00110011 00110000 00110011 01100100
--------------------
